111 0011881001. 171

866. 88,18. 06616. 98. 0 6011116116. 6166666169660161

ἦν 1610 606680611686116166 660166616666. 91110601 6
687. D. 6011, 86111. 6611110161 6111161166.

1611816, 06616990. 0601. p· 688, 8101186111.

161019. 6619609116666611666106616111616981).
60118611616116616. 1111166. 161Β 6011, fui.
³ 1610, 80. 8611661161 61161 piem.- 061606 6 06161661. 661

661661 1110661 rectum.

161091. οο61..9986011.1’1116,

1610. 88. 6116111116 16661661. debet 6166 16166661 66101-
166οο6161609.

81οο6] 11661 616 1111161616. requiritur 81069. 6116610661 81-
066 616660 0601. 6688. Β. 660 161 6666611611119, quod 6660
66611661 0116606111, 81016616616. Sym. 166, p. 1888. edit.
11611160 616 011611 111166 6169011866 8661116061.

w 1161166 (116 66661661, 666 6611616) 61666- 616166
1611866616]0661.699.1.Β.·8616.1.ο.,1.881 6011, 86111,
{ind-om 6661 661116161616, 26661618. Ρο101. 6688 Β. 1011.
1116.

866. 81,.8 1161611669- 611160116.1116666616] 0661.
699,Β.8616.,.1.666189,8,Β. Zon. 6....1610060166880
6011 Paris. 16161 616661616111610611166611616.

1610. 6 1661961661 61] Est 1661116161εεί1 66160661 16166-
611661 61 61161 611661. 8616866111οω 1116 6661 666116 961611,
660 66666016116161611 61611666. 06016661 0116611 6611611666
61161,16661616161161116661 desinit.

l’bid..7 1119116166]116 scriptum. convenientius 66111 1911-
6166.

1610. 8. 116 16116166. 066666111666168116 66161.

1010. 9. 609 κορυφαῖον] Petrum, qui coryphaeus 666616-
161661.88611111,οο61,6,99 6601186116, τὸν 96696669 111-
6669. vid. 86661691Ἇο 0601668818. 1011, 86116.

P 8661, 166, 6,.1888 26661610. 0101...66880.6011.·
161.
101010. 66106061] 061116 99. 0. Sym. 166. 6 188.

A. Β. 661“μη 6608616611 1116116061 6186069169, 66111160 πτοεῖσθαι
rectum videtur 61 6660 66611661 161111666οο61 [116 codex} 1606

1116611116. 111611606161866, 6161. D. Sed 0601. 6. 688 D 6011,
161.... 8616611 μη 1161116061 6619 6181106969 161119.

161015, Ek 619 Μ696968 -1οξ16.1116966,] 0661. 6.
99 0 2666, 161. 1111166. 0101, 6,,688,1).6011.1’6111.1161 16616
Mw 11110. 18. 010] 61116 611161· 1166 61106616. 0666611 661161
’,11161019 060166881686611166. 26116 165. 161116
0661. 699. C. 6011. Pario. ubi 116 16696169 668 66661 6119160669

 

